0.000, 0.000, 0.000, 1.624, 0.000, 0.000, 0.000, 0.000, 0.000, 0.000
0.000, 0.000, 0.000, 0.000, 0.000, 0.000, 0.000, 0.000, 0.000, 0.000
0.076, 0.223, 0.000, 0.011, 0.130, 0.319, 0.010, 0.000, 0.035, 0.036
0.000, 1.007, 0.000, 0.083, 0.050, 0.208, 0.000, 0.000, 0.000, 0.000
0.006, 2.641, 0.199, 0.000, 0.000, 0.000, 0.000, 0.000, 0.000, 0.812
0.000, 0.000, 0.000, 0.000, 0.685, 0.000, 0.000, 0.039, 0.107, 1.403
0.002, 0.724, 0.000, 0.226, 0.097, 0.036, 0.348, 0.000, 0.000, 0.228
0.000, 0.362, 0.040, 0.021, 0.000, 0.109, 0.000, 0.000, 0.000, 0.906
0.000, 0.000, 0.000, 0.000, 0.000, 0.000, 0.000, 0.000, 0.000, 0.000
0.000, 0.000, 0.000, 0.000, 0.000, 0.000, 0.000, 0.000, 0.000, 0.000
0.000, 0.456, 0.000, 0.011, 0.122, 0.737, 0.018, 0.000, 0.000, 0.000
0.000, 1.066, 0.012, 0.045, 0.000, 0.048, 0.000, 0.000, 0.332, 0.225
0.000, 0.000, 0.000, 0.000, 0.000, 0.000, 0.000, 0.000, 0.000, 0.000
0.000, 0.000, 0.000, 0.000, 0.000, 0.000, 0.000, 0.000, 0.000, 0.000
0.000, 0.000, 0.000, 0.000, 0.000, 0.000, 0.000, 0.000, 0.000, 0.000
0.001, 0.007, 0.232, 0.017, 0.031, 0.224, 0.009, 0.027, 0.021, 0.283
0.493, 1.606, 0.061, 0.102, 0.039, 0.000, 0.000, 0.088, 0.000, 0.114
0.000, 0.000, 0.000, 0.000, 0.000, 0.000, 0.000, 0.000, 0.000, 0.000
0.000, 0.000, 0.000, 0.000, 0.000, 0.000, 0.000, 0.000, 0.000, 0.000
0.000, 0.000, 0.000, 0.000, 0.000, 0.000, 0.000, 0.000, 0.000, 0.000
0.000, 0.000, 0.268, 0.000, 0.000, 1.095, 0.000, 0.000, 0.000, 0.000
0.034, 0.079, 0.120, 0.059, 0.027, 0.166, 0.001, 0.040, 0.000, 0.130
0.000, 0.000, 0.000, 0.000, 0.000, 0.000, 0.000, 0.000, 0.000, 0.000
0.000, 0.000, 0.000, 0.000, 0.000, 0.000, 0.000, 0.000, 0.000, 0.000
0.000, 0.086, 0.104, 0.066, 0.073, 0.297, 0.023, 0.090, 0.000, 0.000
0.000, 0.000, 0.000, 0.000, 0.000, 0.000, 0.000, 0.000, 0.000, 0.000
0.000, 0.000, 0.000, 0.000, 0.000, 0.000, 0.000, 0.000, 0.000, 0.000
0.202, 0.043, 0.054, 0.006, 0.098, 0.390, 0.006, 0.145, 0.000, 0.014
0.000, 0.468, 0.084, 0.054, 0.000, 0.164, 0.033, 0.008, 0.000, 0.110
0.000, 0.000, 0.000, 0.000, 0.000, 0.000, 0.000, 0.000, 0.000, 0.000
0.063, 0.004, 0.000, 0.004, 0.000, 0.593, 0.000, 0.065, 0.018, 0.000
0.000, 0.181, 0.000, 0.000, 0.000, 0.677, 0.096, 0.004, 0.000, 0.054
0.000, 0.000, 0.000, 0.000, 0.000, 0.000, 0.000, 0.000, 0.000, 0.000
0.000, 0.216, 0.169, 0.009, 0.000, 0.186, 0.000, 0.053, 0.004, 0.308
0.000, 0.000, 0.000, 0.000, 0.000, 0.000, 0.000, 0.000, 0.000, 0.000
0.000, 0.000, 0.000, 0.000, 0.000, 0.000, 0.000, 0.000, 0.000, 0.000
0.000, 0.000, 0.000, 0.000, 0.000, 0.000, 0.000, 0.000, 0.000, 0.000
0.057, 0.596, 0.203, 0.022, 0.000, 0.174, 0.003, 0.023, 0.000, 0.120
0.000, 0.000, 0.000, 0.000, 0.000, 0.000, 0.000, 0.000, 0.000, 0.000
0.000, 0.000, 0.000, 0.000, 0.000, 0.000, 0.000, 0.000, 0.000, 0.000
0.016, 0.068, 0.000, 0.040, 0.035, 0.160, 0.000, 0.134, 0.061, 0.000
0.000, 0.000, 0.000, 0.000, 0.000, 0.000, 0.000, 0.000, 0.000, 0.000
0.009, 0.037, 0.000, 0.088, 0.000, 0.436, 0.037, 0.000, 0.021, 0.000
0.000, 0.000, 0.000, 0.000, 0.000, 0.000, 0.000, 0.000, 0.000, 0.000
0.000, 0.000, 0.000, 0.000, 0.000, 0.000, 0.000, 0.000, 0.000, 0.000
0.000, 0.000, 0.000, 0.000, 0.000, 0.000, 0.000, 0.000, 0.000, 0.000
0.000, 0.058, 0.026, 0.212, 0.000, 0.406, 0.008, 0.019, 0.014, 0.000
0.000, 0.000, 0.000, 0.000, 0.000, 0.000, 0.000, 0.000, 0.000, 0.000
0.000, 0.000, 0.000, 0.000, 0.000, 0.000, 0.000, 0.000, 0.000, 0.000
0.000, 0.000, 0.000, 0.000, 0.000, 0.000, 0.000, 0.000, 0.000, 0.000
0.036, 0.011, 0.089, 0.021, 0.030, 0.234, 0.123, 0.000, 0.000, 0.059
0.000, 1.052, 0.111, 0.000, 0.000, 0.000, 3.339, 0.000, 0.000, 0.039
0.000, 0.000, 0.000, 0.000, 0.000, 0.000, 0.000, 0.000, 0.000, 0.000
0.034, 0.077, 0.000, 0.084, 0.030, 0.129, 0.001, 0.156, 0.048, 0.000
0.000, 0.000, 6.268, 0.000, 0.000, 0.000, 0.000, 0.000, 0.000, 0.000
0.000, 0.000, 0.000, 0.022, 0.000, 0.789, 0.033, 0.000, 0.000, 0.078
0.000, 0.000, 0.000, 0.000, 0.000, 0.000, 0.000, 0.000, 0.000, 0.000
0.000, 0.000, 1.368, 0.000, 3.485, 0.000, 0.000, 0.000, 0.000, 0.000
0.000, 0.000, 0.000, 0.448, 0.000, 0.152, 0.077, 0.000, 0.317, 0.419
0.000, 0.000, 0.000, 0.000, 0.000, 0.000, 0.000, 0.000, 0.000, 0.000
0.114, 0.153, 0.162, 0.172, 0.221, 0.117, 0.001, 0.065, 0.000, 0.007
0.000, 0.000, 0.000, 0.000, 0.000, 0.000, 0.000, 0.000, 0.000, 0.000
0.128, 0.069, 0.000, 0.000, 0.123, 0.383, 0.000, 0.000, 0.053, 0.031
0.000, 0.000, 0.000, 0.000, 0.000, 0.000, 0.000, 0.000, 0.000, 0.000
0.427, 0.000, 0.000, 0.103, 0.015, 0.279, 0.447, 0.000, 0.008, 0.046
0.000, 0.000, 0.000, 0.000, 0.000, 0.000, 0.000, 0.000, 0.000, 0.000
0.000, 0.007, 0.021, 0.000, 0.373, 0.134, 0.070, 0.016, 0.284, 0.006
0.000, 0.000, 0.000, 0.000, 0.000, 0.000, 0.000, 0.000, 0.000, 0.000
0.000, 0.000, 5.465, 0.000, 0.000, 0.000, 0.022, 0.000, 0.039, 0.014
0.000, 0.000, 0.000, 0.000, 0.000, 0.000, 0.000, 0.000, 0.000, 0.000
0.000, 0.000, 0.000, 0.000, 0.000, 0.000, 0.000, 0.000, 0.000, 0.000
0.000, 0.000, 0.000, 0.166, 0.000, 0.742, 0.000, 0.000, 0.001, 0.000
0.000, 0.000, 0.009, 0.013, 0.000, 0.450, 0.000, 0.000, 0.098, 0.361
0.000, 0.000, 0.000, 0.000, 0.000, 0.000, 0.000, 0.000, 0.000, 0.000
0.000, 0.000, 0.000, 0.000, 0.000, 0.000, 0.000, 0.000, 0.000, 0.000
0.000, 0.000, 0.000, 0.000, 0.000, 0.000, 0.000, 0.000, 0.000, 0.000
0.000, 0.192, 0.009, 0.032, 0.000, 0.675, 0.052, 0.000, 0.016, 0.000
0.000, 0.000, 0.000, 0.000, 0.000, 0.000, 0.000, 0.000, 0.000, 0.000
0.000, 0.841, 0.004, 0.103, 0.000, 0.422, 0.000, 0.029, 0.000, 0.000
0.000, 0.000, 0.000, 0.000, 0.000, 0.000, 0.000, 0.000, 0.000, 0.000
0.509, 0.050, 0.000, 0.045, 0.006, 0.033, 0.025, 0.037, 0.029, 0.354
0.000, 0.000, 0.000, 0.000, 0.000, 0.000, 0.000, 0.000, 0.000, 0.000
0.000, 0.000, 0.000, 0.000, 0.000, 0.000, 0.000, 0.000, 0.000, 0.000
0.000, 0.000, 0.000, 0.000, 0.000, 0.000, 0.000, 0.000, 0.000, 0.000
0.000, 0.000, 0.000, 0.000, 0.000, 0.000, 0.000, 0.000, 0.000, 0.000
0.000, 0.000, 0.000, 0.000, 0.000, 0.000, 0.000, 0.000, 0.000, 0.000
0.000, 0.173, 0.133, 0.070, 0.024, 0.235, 0.013, 0.053, 0.047, 0.035
0.000, 0.000, 0.000, 0.000, 0.000, 0.000, 0.000, 0.000, 0.000, 0.000
0.009, 0.378, 0.000, 0.264, 0.101, 0.078, 0.385, 0.000, 0.004, 0.008
0.000, 0.000, 0.000, 0.000, 0.000, 0.000, 0.000, 0.000, 0.000, 0.000
0.161, 0.055, 0.082, 0.101, 0.000, 0.327, 0.088, 0.000, 0.000, 0.038
0.000, 0.000, 0.000, 0.000, 0.000, 0.000, 0.000, 0.000, 0.000, 0.000
0.000, 0.000, 0.000, 0.000, 0.000, 0.000, 0.000, 0.000, 0.000, 0.000
0.000, 0.000, 0.000, 0.000, 0.000, 0.000, 0.000, 0.000, 0.000, 0.000
0.000, 0.000, 0.000, 0.000, 0.000, 0.000, 0.000, 0.000, 0.000, 0.000
0.125, 0.009, 0.000, 0.000, 4.181, 0.000, 0.000, 0.000, 0.000, 0.000
0.000, 0.000, 0.000, 0.000, 0.000, 0.000, 0.000, 0.000, 0.000, 0.000
0.000, 5.173, 0.000, 0.000, 0.000, 0.000, 0.000, 0.000, 0.047, 0.000
0.000, 0.000, 0.000, 0.000, 0.000, 0.000, 0.000, 0.000, 0.000, 0.000
0.177, 0.000, 0.010, 0.059, 0.029, 0.084, 0.000, 0.087, 0.058, 0.330
0.000, 1.172, 0.000, 0.000, 0.000, 0.051, 0.019, 0.012, 0.309, 0.138
0.000, 0.000, 0.000, 0.009, 0.003, 0.653, 0.013, 0.002, 0.018, 0.082
0.000, 0.176, 0.350, 0.024, 0.000, 0.950, 0.000, 0.000, 0.000, 0.000
0.000, 0.000, 0.000, 0.000, 0.000, 0.000, 0.000, 0.000, 0.000, 0.000
0.000, 0.000, 0.000, 0.000, 0.000, 0.000, 0.000, 0.000, 0.000, 0.000
0.000, 0.000, 0.000, 0.000, 0.000, 0.000, 0.000, 0.000, 0.000, 0.000
0.000, 0.000, 0.000, 0.000, 0.000, 0.000, 0.000, 0.000, 0.000, 0.000
0.000, 0.000, 0.000, 0.000, 0.000, 0.000, 0.000, 0.000, 0.000, 0.000
0.000, 0.000, 0.000, 0.000, 0.000, 0.000, 0.000, 0.000, 0.000, 0.000
0.000, 0.000, 0.000, 0.000, 0.000, 0.000, 0.000, 0.000, 0.000, 0.000
0.000, 0.000, 0.000, 0.000, 0.000, 0.000, 0.000, 0.000, 0.000, 0.000
0.000, 0.000, 0.000, 0.000, 0.000, 0.000, 0.000, 0.000, 0.000, 0.000
0.000, 0.000, 0.000, 0.000, 3.772, 0.000, 0.000, 0.000, 0.085, 0.000
0.000, 0.000, 0.000, 0.000, 0.074, 0.959, 0.000, 0.000, 0.046, 0.000
0.000, 0.000, 0.000, 0.000, 0.000, 0.000, 0.000, 0.000, 0.000, 0.000
0.000, 0.000, 0.000, 0.000, 0.057, 1.051, 0.000, 0.000, 0.000, 0.000
0.156, 0.000, 0.000, 0.000, 0.000, 1.099, 0.000, 0.076, 0.000, 0.000
0.000, 0.643, 0.000, 0.113, 0.149, 0.335, 0.000, 0.035, 0.000, 0.000
0.000, 0.070, 0.000, 0.045, 0.000, 0.430, 0.000, 0.000, 0.000, 0.776
0.000, 0.000, 0.000, 0.000, 0.000, 0.000, 0.000, 0.000, 0.000, 0.000
0.042, 0.029, 0.066, 0.170, 0.000, 0.210, 0.000, 0.021, 0.056, 0.000
0.000, 0.000, 0.000, 0.000, 0.000, 0.000, 0.000, 0.000, 0.000, 0.000
0.000, 0.000, 0.000, 0.000, 0.000, 0.000, 0.000, 0.000, 0.000, 0.000
0.000, 0.000, 0.000, 0.000, 0.000, 0.000, 0.000, 0.000, 0.000, 0.000
1.583, 0.000, 0.000, 0.000, 0.000, 1.023, 0.000, 0.000, 0.000, 0.037
0.000, 0.000, 0.000, 0.000, 0.000, 0.000, 0.000, 0.000, 0.000, 0.000
0.000, 0.000, 0.000, 0.000, 0.000, 0.000, 0.000, 0.000, 0.000, 0.000
0.000, 0.000, 0.000, 0.000, 0.000, 0.000, 0.000, 0.000, 0.000, 0.000
0.000, 0.000, 0.000, 0.000, 0.000, 0.000, 0.000, 0.000, 0.000, 0.000
0.000, 0.000, 0.000, 0.000, 0.000, 0.000, 0.000, 0.000, 0.000, 3.639
0.000, 0.000, 0.004, 0.000, 0.000, 0.000, 0.224, 0.000, 1.562, 0.000
0.000, 0.000, 0.000, 0.000, 0.000, 0.000, 0.000, 0.000, 0.000, 0.000
0.000, 0.000, 0.000, 0.000, 0.000, 0.000, 0.000, 0.000, 0.000, 0.000
0.000, 0.000, 0.000, 0.424, 0.000, 0.203, 0.000, 0.003, 0.015, 0.000
0.000, 0.000, 0.000, 0.000, 0.000, 0.000, 0.000, 0.000, 0.000, 0.000
0.000, 0.000, 0.000, 0.000, 0.000, 0.000, 0.000, 0.000, 0.000, 0.000
0.000, 0.000, 0.000, 0.000, 0.000, 0.000, 0.000, 0.000, 0.000, 0.000
0.000, 0.000, 0.000, 0.000, 0.000, 0.000, 0.000, 0.000, 0.000, 0.000
0.000, 0.000, 0.000, 0.000, 0.000, 0.000, 0.000, 0.000, 0.000, 0.000
0.000, 0.000, 0.165, 0.159, 0.322, 0.093, 0.023, 0.419, 0.000, 0.155
0.000, 0.000, 0.000, 0.000, 0.000, 0.000, 0.000, 0.000, 0.000, 0.000
0.000, 0.000, 0.026, 0.000, 0.105, 0.374, 0.000, 0.227, 0.033, 0.157
0.000, 0.095, 0.065, 0.003, 0.138, 0.186, 0.259, 0.146, 0.000, 0.000
0.000, 0.000, 0.000, 0.000, 0.000, 0.000, 0.000, 0.000, 0.000, 0.000
0.000, 0.000, 0.000, 0.000, 0.000, 0.000, 0.000, 0.000, 0.000, 0.000
0.000, 0.000, 0.000, 0.000, 0.000, 0.000, 0.000, 0.000, 0.000, 0.000
0.464, 0.013, 0.006, 0.108, 0.002, 0.153, 0.000, 0.024, 0.088, 0.004
0.166, 0.000, 0.000, 0.027, 0.000, 0.961, 0.000, 0.000, 0.000, 0.000
0.034, 0.004, 0.099, 0.026, 0.000, 0.237, 0.152, 0.001, 0.008, 0.039
0.000, 0.576, 0.041, 0.082, 0.029, 0.314, 0.000, 0.051, 0.000, 0.000
0.000, 0.000, 0.000, 0.000, 0.000, 0.000, 0.000, 0.000, 0.000, 0.000
0.000, 0.000, 0.000, 0.007, 0.000, 1.103, 0.000, 0.000, 0.000, 0.000
0.000, 0.000, 0.000, 0.000, 0.000, 0.000, 0.000, 0.000, 0.000, 0.000
0.000, 0.041, 0.000, 0.000, 0.000, 0.000, 3.869, 0.000, 0.000, 0.000
0.000, 0.000, 0.000, 0.000, 0.000, 0.000, 0.000, 0.000, 0.000, 0.000
0.036, 0.000, 0.210, 0.209, 0.007, 0.174, 0.029, 0.013, 0.057, 0.000
0.000, 0.000, 0.000, 0.000, 0.087, 1.007, 0.147, 0.000, 0.000, 0.000
0.000, 0.000, 0.000, 0.000, 0.000, 0.000, 0.000, 0.000, 0.000, 0.000
0.000, 0.000, 0.000, 0.000, 0.000, 0.000, 0.000, 0.000, 0.000, 0.000
0.001, 0.108, 0.115, 0.092, 0.050, 0.429, 0.004, 0.061, 0.000, 0.000
0.000, 0.000, 0.000, 0.000, 0.000, 0.000, 0.000, 0.000, 0.000, 0.000
0.000, 0.000, 0.000, 0.000, 0.960, 0.664, 0.096, 0.000, 0.036, 0.043
0.000, 0.000, 0.000, 2.677, 0.000, 0.000, 0.059, 0.000, 0.000, 0.000
0.000, 0.000, 0.024, 0.026, 0.000, 0.367, 0.001, 0.000, 0.227, 0.184
0.000, 0.000, 0.000, 0.000, 0.000, 0.000, 0.000, 0.000, 0.000, 0.000
0.126, 0.000, 0.243, 0.000, 0.000, 0.000, 0.000, 2.283, 0.000, 0.000
0.000, 0.000, 0.000, 0.000, 0.000, 0.000, 0.000, 0.000, 0.000, 0.000
0.000, 0.000, 0.000, 0.000, 0.000, 0.000, 0.000, 0.000, 0.000, 0.000
0.018, 0.038, 0.011, 0.048, 0.060, 0.392, 0.000, 0.319, 0.000, 0.000
0.000, 0.000, 0.000, 0.000, 0.000, 0.000, 0.000, 0.000, 0.000, 0.000
0.000, 0.000, 0.000, 0.000, 0.000, 0.000, 0.000, 0.000, 0.000, 0.000
0.000, 0.000, 0.000, 0.000, 0.000, 0.000, 0.000, 0.000, 0.000, 0.000
0.000, 0.000, 0.000, 0.000, 0.000, 0.000, 0.000, 0.000, 0.000, 0.000
0.000, 0.000, 0.000, 0.000, 0.000, 0.000, 0.000, 0.000, 0.000, 0.000
0.000, 0.165, 0.000, 0.008, 0.000, 0.929, 0.000, 0.000, 0.000, 0.000
0.000, 0.000, 0.000, 0.000, 0.000, 0.000, 0.000, 0.000, 0.000, 0.000
0.209, 0.000, 0.000, 0.000, 0.000, 1.240, 0.060, 0.000, 0.000, 0.000
0.000, 0.000, 0.000, 0.000, 0.000, 0.000, 0.000, 0.000, 0.000, 0.000
0.000, 0.000, 0.000, 0.000, 0.000, 0.000, 0.000, 0.000, 0.000, 0.000
0.000, 0.000, 0.000, 0.000, 0.000, 0.000, 0.000, 0.000, 0.000, 0.000
0.093, 2.063, 0.032, 0.111, 0.053, 0.000, 0.000, 0.115, 0.000, 0.000
0.000, 0.000, 0.000, 0.000, 0.000, 0.000, 0.000, 0.000, 0.000, 0.000
0.000, 0.000, 0.000, 0.000, 0.000, 0.000, 0.000, 0.000, 0.000, 0.000
0.000, 0.000, 0.000, 0.000, 0.000, 0.000, 0.000, 0.000, 0.000, 0.000
0.000, 0.489, 0.046, 0.093, 0.027, 0.234, 0.006, 0.291, 0.005, 0.000
0.000, 0.000, 0.000, 0.000, 0.000, 0.000, 0.000, 0.000, 0.000, 0.000
0.000, 0.000, 0.000, 0.000, 0.000, 0.000, 0.000, 0.000, 0.000, 0.000
0.000, 0.000, 0.000, 0.000, 0.000, 0.000, 0.000, 0.000, 0.000, 0.000
0.000, 0.000, 0.000, 0.000, 0.000, 0.000, 0.000, 0.000, 0.000, 0.000
0.003, 0.078, 0.000, 0.058, 0.000, 0.128, 0.000, 0.613, 0.087, 0.000
0.000, 0.000, 0.000, 0.000, 0.000, 0.000, 0.000, 0.000, 0.000, 0.000
4.576, 0.080, 0.000, 0.000, 0.018, 0.000, 0.000, 0.034, 0.000, 0.002
0.000, 0.000, 0.000, 0.000, 0.000, 0.000, 0.000, 0.000, 0.000, 0.000
0.000, 0.155, 0.045, 0.063, 0.078, 0.425, 0.026, 0.072, 0.000, 0.000
0.027, 0.752, 0.204, 0.000, 0.000, 0.122, 0.000, 0.000, 0.026, 0.931
0.000, 0.000, 0.000, 0.000, 0.000, 0.000, 0.000, 0.000, 0.000, 0.000
0.002, 0.000, 0.207, 0.160, 0.000, 0.101, 0.006, 0.128, 0.028, 0.030
0.000, 0.000, 0.000, 0.000, 0.000, 0.000, 0.000, 0.000, 0.000, 0.000
0.000, 0.000, 0.000, 0.000, 0.000, 0.000, 0.000, 0.000, 0.000, 0.000
0.034, 1.076, 0.000, 0.033, 0.131, 0.304, 0.000, 0.000, 0.031, 0.000
0.021, 0.839, 0.237, 0.000, 0.017, 0.036, 0.000, 0.000, 0.000, 0.943
0.000, 0.000, 0.000, 0.000, 0.000, 0.000, 0.000, 0.000, 0.000, 0.000
0.017, 0.037, 0.181, 0.017, 0.022, 0.218, 0.025, 0.018, 0.013, 0.236
0.000, 0.000, 0.000, 0.000, 0.000, 0.000, 0.000, 0.000, 0.000, 0.000
0.000, 0.565, 0.018, 0.091, 0.048, 0.323, 0.036, 0.035, 0.000, 0.000
0.016, 0.080, 0.023, 0.048, 0.000, 0.249, 0.019, 0.007, 0.009, 0.076
0.000, 0.000, 0.000, 0.000, 0.000, 0.000, 0.000, 0.000, 0.000, 0.000
0.000, 0.000, 0.000, 0.000, 0.000, 0.000, 0.000, 0.000, 0.000, 0.000
0.000, 0.000, 0.000, 0.000, 0.000, 0.000, 0.000, 0.000, 0.000, 0.000
0.060, 1.584, 0.059, 0.132, 0.031, 0.104, 0.000, 0.036, 0.000, 0.000
0.020, 0.042, 0.096, 0.013, 0.442, 0.084, 0.011, 0.042, 0.006, 0.087
0.000, 0.109, 0.032, 0.077, 0.029, 0.250, 0.000, 0.148, 0.000, 0.000
0.000, 0.000, 0.000, 0.000, 0.000, 0.000, 0.000, 0.000, 0.000, 0.000
0.000, 0.000, 0.000, 0.000, 0.000, 0.000, 0.000, 0.000, 0.000, 0.000
0.003, 0.258, 0.915, 0.062, 0.083, 0.114, 0.000, 0.130, 0.020, 0.007
0.000, 0.000, 0.000, 0.000, 0.000, 0.000, 0.000, 0.000, 0.000, 0.000
0.000, 0.000, 0.000, 0.000, 0.000, 0.689, 0.000, 0.000, 0.000, 1.080
0.000, 0.000, 0.000, 0.000, 0.000, 0.000, 0.000, 0.000, 0.000, 0.000
0.068, 0.075, 0.175, 0.193, 0.463, 0.168, 0.000, 0.079, 0.000, 0.000
0.000, 0.000, 0.000, 0.000, 0.000, 0.000, 0.191, 2.684, 0.000, 0.000
0.000, 0.000, 0.000, 0.000, 0.000, 0.000, 0.000, 0.000, 0.000, 0.000
0.000, 0.000, 0.000, 0.000, 0.000, 0.000, 0.000, 0.000, 0.000, 0.000
0.000, 0.000, 0.000, 0.000, 0.000, 0.000, 0.000, 0.000, 0.000, 0.000
0.000, 0.000, 0.000, 0.000, 0.000, 0.000, 0.000, 0.000, 0.000, 0.000
1.389, 0.000, 0.000, 0.000, 0.000, 0.000, 0.000, 2.115, 0.000, 0.000
0.007, 0.305, 0.174, 0.028, 0.000, 0.205, 0.000, 0.086, 0.022, 0.000
0.000, 0.000, 0.003, 0.001, 0.000, 0.555, 0.008, 0.005, 0.000, 0.091
0.000, 0.104, 0.393, 0.124, 0.000, 0.198, 0.036, 0.108, 0.000, 0.000
0.000, 0.000, 0.002, 0.041, 0.022, 0.449, 0.035, 0.148, 0.000, 0.360
0.198, 0.005, 0.080, 0.079, 0.085, 0.327, 0.000, 0.094, 0.000, 0.014
0.000, 0.015, 0.000, 0.647, 0.000, 0.114, 0.194, 0.000, 0.000, 0.522
0.553, 0.096, 0.000, 0.061, 0.021, 0.000, 2.741, 0.000, 0.000, 0.000
0.000, 0.030, 0.031, 0.212, 0.108, 0.265, 0.122, 0.118, 0.006, 0.005
0.000, 0.000, 0.000, 1.467, 0.008, 0.000, 0.000, 0.000, 0.000, 0.000
0.000, 0.000, 0.000, 0.000, 0.000, 0.000, 0.000, 0.000, 0.000, 0.000
0.118, 1.742, 0.056, 0.093, 0.036, 0.000, 0.021, 0.034, 0.000, 0.000
0.000, 0.079, 0.031, 0.062, 0.097, 0.364, 0.000, 0.213, 0.008, 0.029
0.000, 0.000, 0.000, 0.000, 0.000, 0.000, 0.000, 0.000, 0.000, 0.000
0.000, 0.010, 0.067, 0.010, 0.010, 0.260, 0.022, 0.210, 0.000, 0.021
0.000, 0.000, 0.000, 0.000, 0.000, 0.000, 0.000, 0.000, 0.000, 0.000
0.397, 0.000, 0.000, 0.125, 0.000, 0.165, 0.000, 0.045, 0.083, 0.024
0.000, 0.000, 0.000, 0.133, 0.000, 0.186, 0.119, 0.000, 0.008, 0.105
0.000, 0.082, 0.893, 0.070, 0.332, 0.033, 0.000, 0.411, 0.000, 0.086
0.000, 0.000, 0.000, 0.000, 0.000, 0.000, 0.000, 0.000, 0.000, 0.000
0.000, 0.000, 0.000, 0.000, 0.000, 0.000, 0.000, 0.000, 0.000, 0.000
0.000, 0.000, 0.000, 0.000, 0.000, 0.000, 0.000, 0.000, 0.000, 0.000
0.090, 0.000, 0.000, 0.026, 0.000, 0.980, 0.000, 0.000, 0.003, 0.000
0.000, 0.000, 0.000, 0.000, 0.000, 0.000, 0.000, 0.000, 0.000, 0.000
0.000, 0.000, 0.000, 0.000, 0.000, 0.000, 0.000, 0.000, 0.000, 0.000
0.000, 0.000, 0.000, 0.000, 0.000, 0.000, 0.000, 0.000, 0.000, 0.000
0.000, 0.000, 0.000, 0.000, 0.000, 0.000, 0.000, 0.000, 0.000, 0.000
0.000, 0.000, 0.000, 0.000, 0.000, 0.000, 0.000, 0.000, 0.000, 0.000
0.000, 0.000, 0.000, 0.000, 0.000, 0.000, 0.000, 0.000, 0.000, 0.000
0.038, 0.000, 0.110, 0.051, 0.028, 0.260, 0.068, 0.006, 0.029, 0.046
0.000, 0.000, 0.000, 0.000, 0.750, 0.830, 0.000, 0.000, 0.000, 0.000
0.000, 0.000, 0.000, 0.000, 0.000, 0.000, 0.000, 0.000, 0.000, 0.000
0.035, 0.120, 0.050, 0.104, 0.077, 0.230, 0.000, 0.156, 0.019, 0.000
0.003, 0.200, 0.116, 0.009, 0.026, 0.065, 0.215, 0.003, 0.000, 0.337
0.000, 0.000, 0.000, 0.000, 4.516, 0.000, 0.000, 0.000, 0.000, 0.000
0.225, 0.000, 0.041, 0.006, 0.000, 0.430, 0.000, 0.079, 0.000, 0.050
0.094, 0.000, 1.509, 0.000, 0.000, 0.747, 0.000, 0.000, 0.000, 0.000
0.000, 0.000, 0.000, 0.000, 0.000, 0.000, 0.000, 0.000, 0.000, 0.000
0.000, 0.000, 0.000, 0.000, 0.000, 0.000, 0.000, 0.000, 0.000, 0.000
0.177, 0.000, 0.032, 0.031, 0.000, 0.374, 0.000, 0.080, 0.014, 0.128
0.000, 0.000, 0.000, 0.000, 0.000, 0.000, 0.000, 0.000, 0.000, 0.000
0.000, 0.000, 0.000, 0.000, 0.000, 0.000, 0.000, 0.000, 0.000, 0.000
0.000, 0.000, 0.000, 0.000, 0.000, 0.000, 0.000, 0.000, 0.000, 0.000
0.000, 0.000, 0.000, 0.000, 0.000, 0.000, 0.000, 0.000, 0.000, 0.000
0.000, 0.000, 0.000, 0.000, 0.000, 0.000, 0.000, 0.000, 0.000, 0.000
0.000, 0.000, 0.000, 0.000, 0.000, 0.000, 0.000, 0.000, 0.000, 0.000
0.160, 0.172, 0.323, 0.000, 0.000, 0.319, 0.000, 0.286, 0.000, 0.000
0.000, 0.000, 0.000, 0.000, 0.000, 0.000, 0.000, 0.000, 0.000, 0.000
0.039, 0.230, 0.005, 0.074, 0.008, 0.096, 0.152, 0.040, 0.028, 0.000
0.000, 0.000, 0.000, 0.000, 0.000, 0.000, 0.000, 0.000, 0.000, 0.000
0.000, 0.032, 0.316, 0.000, 0.000, 0.453, 0.000, 0.086, 0.000, 0.000
0.000, 0.000, 0.000, 0.000, 0.000, 0.000, 0.000, 0.000, 0.000, 0.000
0.000, 0.000, 0.000, 0.000, 0.000, 0.000, 0.000, 0.000, 0.000, 0.000
0.017, 0.000, 0.070, 0.162, 0.005, 0.286, 0.038, 0.037, 0.000, 0.056
0.000, 0.000, 0.000, 2.170, 0.000, 0.000, 0.000, 0.000, 0.000, 0.000
0.000, 5.515, 0.000, 0.000, 0.000, 0.000, 0.000, 0.000, 0.000, 0.000
0.000, 0.000, 0.000, 0.000, 0.000, 0.000, 0.000, 0.000, 0.000, 0.000
0.000, 0.000, 0.030, 0.151, 0.032, 0.161, 0.000, 0.193, 0.011, 0.554
0.629, 0.000, 0.000, 0.101, 0.000, 1.147, 0.000, 0.000, 0.000, 0.000
0.000, 0.000, 0.357, 0.000, 0.000, 0.987, 0.000, 0.000, 0.028, 0.071
0.000, 0.000, 0.000, 0.000, 0.000, 0.000, 0.000, 0.000, 0.000, 0.000
0.026, 0.000, 0.062, 0.064, 0.007, 0.216, 0.013, 0.015, 0.017, 0.110
0.000, 0.000, 0.000, 0.000, 0.000, 0.000, 0.000, 0.000, 0.000, 0.000
0.000, 0.000, 0.000, 0.000, 0.000, 0.000, 0.000, 0.000, 0.000, 0.000
0.000, 0.000, 0.000, 0.037, 0.000, 0.258, 0.000, 0.000, 0.000, 1.600
0.000, 0.000, 0.000, 0.000, 0.000, 0.000, 0.000, 0.000, 0.000, 0.000
0.000, 0.000, 0.000, 0.000, 0.000, 0.000, 0.000, 0.000, 0.000, 0.000
0.009, 0.226, 0.000, 0.095, 0.018, 0.182, 0.279, 0.000, 0.068, 0.000
0.000, 0.000, 0.000, 0.000, 0.000, 0.000, 0.000, 0.000, 0.000, 0.000
0.000, 0.000, 0.000, 0.000, 0.000, 0.000, 0.000, 0.000, 0.000, 0.000
0.000, 0.006, 0.051, 0.020, 0.023, 0.182, 0.214, 0.000, 0.020, 0.159
0.070, 0.121, 0.011, 0.019, 0.000, 0.295, 0.009, 0.587, 0.000, 0.000
0.177, 0.000, 0.027, 0.000, 0.250, 0.541, 0.000, 0.026, 0.001, 0.000
0.000, 0.000, 0.000, 0.549, 0.000, 0.196, 0.215, 0.048, 0.000, 0.512
0.000, 0.000, 0.000, 0.000, 0.000, 0.000, 0.000, 0.000, 0.000, 0.000
0.000, 0.000, 0.000, 0.000, 0.000, 0.000, 0.000, 0.000, 0.000, 0.000
0.016, 0.000, 0.145, 0.001, 0.000, 0.350, 0.000, 0.005, 0.138, 0.052
0.000, 0.270, 0.000, 0.151, 0.000, 0.246, 0.064, 0.000, 0.007, 0.000
0.000, 0.000, 0.000, 0.000, 0.000, 0.000, 0.000, 0.000, 0.000, 0.000
0.221, 0.044, 0.000, 0.000, 0.000, 0.676, 0.000, 0.000, 0.189, 0.029
0.000, 0.017, 0.000, 0.115, 0.000, 0.426, 0.000, 0.000, 0.110, 0.386
0.000, 0.000, 0.000, 0.000, 0.000, 0.000, 0.000, 0.000, 0.000, 0.000
0.000, 0.000, 0.000, 0.000, 0.001, 0.000, 0.000, 2.565, 0.000, 0.007
0.000, 0.000, 0.000, 0.000, 0.000, 0.000, 0.000, 0.000, 0.000, 0.000
0.006, 0.114, 0.000, 0.119, 0.148, 0.629, 0.000, 0.000, 0.000, 0.000
0.000, 0.000, 0.000, 0.000, 0.000, 0.000, 0.000, 0.000, 0.000, 0.000
0.000, 0.093, 0.000, 0.399, 0.000, 0.128, 0.031, 0.001, 0.011, 0.158
0.315, 0.498, 0.000, 0.110, 0.197, 0.197, 0.020, 0.000, 0.000, 0.000
0.000, 0.000, 0.000, 0.000, 0.000, 0.000, 0.000, 0.000, 0.000, 0.000
0.005, 0.103, 0.017, 0.000, 0.028, 0.349, 0.023, 0.084, 0.108, 0.130
0.000, 0.000, 0.000, 0.000, 0.000, 0.000, 0.000, 0.000, 0.000, 0.000
0.000, 0.000, 0.000, 0.103, 0.036, 0.131, 0.001, 0.226, 0.000, 0.489
0.000, 0.000, 0.000, 0.000, 0.000, 0.000, 0.000, 0.000, 0.000, 0.000
0.000, 0.000, 0.000, 0.000, 0.000, 0.000, 0.000, 0.000, 0.000, 0.000
0.000, 0.000, 0.000, 0.000, 0.000, 0.000, 0.000, 0.000, 0.000, 0.000
0.074, 0.114, 0.029, 0.126, 0.025, 0.309, 0.000, 0.139, 0.000, 0.000
0.000, 0.000, 0.000, 0.000, 0.000, 0.000, 0.000, 0.000, 0.000, 0.000
0.251, 0.000, 0.000, 2.473, 0.000, 0.000, 0.000, 0.000, 0.000, 0.000
0.013, 0.107, 0.064, 0.016, 0.242, 0.169, 0.197, 0.000, 0.006, 0.206
0.000, 0.000, 0.000, 0.000, 0.000, 0.000, 0.000, 0.000, 0.000, 0.000
0.000, 4.809, 0.000, 0.008, 0.000, 0.106, 0.000, 0.000, 0.000, 0.000
0.000, 0.000, 0.000, 0.000, 0.000, 0.000, 0.000, 0.000, 0.000, 0.000
0.000, 0.000, 0.000, 0.000, 0.000, 0.000, 0.000, 0.000, 0.000, 0.000
0.000, 0.000, 0.000, 1.630, 0.000, 0.000, 0.000, 0.000, 0.000, 0.000
0.004, 0.000, 0.000, 0.026, 0.000, 0.183, 0.000, 0.251, 0.031, 0.620
0.000, 0.000, 0.000, 0.000, 0.000, 0.000, 0.000, 0.000, 0.000, 0.000
0.000, 0.000, 0.000, 0.000, 0.000, 0.000, 0.000, 0.000, 0.000, 0.000
0.000, 0.000, 0.000, 0.000, 0.000, 0.000, 0.000, 0.000, 0.000, 0.000
0.111, 0.038, 0.028, 0.012, 0.000, 0.000, 0.000, 0.000, 1.584, 0.025
0.499, 0.000, 0.129, 0.113, 1.345, 0.068, 0.000, 0.045, 0.000, 0.000
0.000, 0.000, 0.000, 0.000, 0.000, 0.000, 0.000, 0.000, 0.000, 0.000
0.000, 0.000, 0.000, 0.000, 0.000, 0.000, 0.000, 0.000, 0.000, 0.000
0.000, 0.218, 0.004, 0.328, 0.000, 0.142, 0.000, 0.039, 0.000, 0.152
0.000, 0.000, 0.000, 0.000, 0.000, 0.000, 0.000, 0.000, 0.000, 3.655
0.000, 0.000, 0.000, 0.000, 0.000, 0.000, 0.000, 0.000, 0.000, 0.000
0.000, 0.000, 0.000, 0.000, 0.000, 0.000, 0.000, 0.000, 0.000, 0.000
0.023, 0.363, 0.035, 0.044, 0.007, 0.171, 0.030, 0.118, 0.027, 0.000
0.000, 0.000, 0.000, 0.000, 0.000, 0.000, 0.000, 0.000, 0.000, 0.000
0.000, 0.000, 0.000, 0.000, 0.000, 0.000, 0.000, 0.000, 0.000, 0.000
0.000, 0.147, 0.017, 0.000, 0.000, 0.662, 0.000, 0.000, 0.013, 0.150
0.000, 0.261, 0.000, 0.187, 0.000, 0.486, 0.107, 0.007, 0.000, 0.015
0.000, 0.000, 0.000, 0.000, 0.000, 0.000, 0.000, 0.000, 0.000, 0.000
0.022, 0.075, 0.000, 0.000, 0.000, 0.464, 0.000, 0.047, 0.114, 0.276
0.007, 0.215, 0.531, 0.057, 0.000, 0.195, 0.115, 0.124, 0.000, 0.012
0.000, 0.000, 0.000, 0.000, 0.000, 0.000, 0.000, 0.000, 0.000, 0.000
0.000, 0.000, 0.000, 0.055, 0.060, 0.129, 0.000, 0.183, 0.051, 0.463
0.000, 0.000, 0.000, 0.000, 0.000, 0.000, 0.000, 0.000, 0.000, 0.000
0.000, 0.000, 0.000, 0.000, 0.000, 0.000, 0.000, 0.000, 0.000, 0.000
0.000, 0.000, 0.013, 0.136, 0.077, 0.302, 0.738, 0.047, 0.020, 0.059
0.000, 0.367, 0.351, 0.098, 0.000, 0.207, 0.007, 0.023, 0.002, 0.017
0.050, 0.000, 0.128, 0.189, 0.223, 0.471, 0.000, 0.055, 0.000, 0.000
0.007, 0.000, 0.242, 0.026, 0.134, 0.094, 0.107, 0.002, 0.000, 0.104
0.000, 0.000, 0.000, 0.000, 0.000, 0.000, 0.000, 0.000, 0.000, 0.000
0.000, 0.060, 0.478, 0.000, 0.014, 0.157, 0.029, 0.011, 0.010, 0.081
0.000, 0.000, 0.000, 0.000, 0.000, 0.000, 0.000, 0.000, 0.000, 0.000
0.000, 0.000, 0.000, 0.000, 0.000, 0.000, 0.000, 0.000, 0.000, 0.000
0.036, 0.067, 0.014, 0.034, 0.036, 0.211, 0.002, 0.044, 0.019, 0.000
0.000, 5.109, 0.000, 0.000, 0.000, 0.000, 0.080, 0.000, 0.000, 0.000
0.000, 0.000, 0.000, 0.000, 0.000, 0.000, 0.000, 0.000, 0.000, 0.000
0.000, 0.000, 0.000, 0.000, 0.000, 0.000, 0.000, 0.000, 0.000, 0.000
0.000, 0.000, 0.000, 0.000, 0.000, 0.000, 0.000, 0.000, 0.000, 0.000
0.000, 0.000, 0.000, 0.000, 0.000, 0.000, 0.000, 0.000, 0.000, 0.000
0.000, 0.070, 0.002, 0.133, 0.000, 0.271, 0.053, 0.003, 0.011, 0.018
0.000, 0.000, 0.000, 0.000, 0.000, 0.000, 0.000, 0.000, 0.000, 0.000
0.000, 0.000, 0.000, 0.000, 0.000, 0.000, 0.000, 0.000, 0.000, 0.000
0.000, 0.000, 0.000, 0.000, 0.000, 0.000, 0.000, 0.000, 0.000, 0.000
0.011, 0.177, 0.021, 0.057, 0.141, 0.210, 0.000, 0.024, 0.012, 0.020
0.000, 0.000, 0.000, 0.000, 0.000, 0.000, 0.000, 0.000, 0.000, 0.000
0.000, 0.240, 0.080, 0.111, 0.000, 0.180, 0.015, 0.063, 0.004, 0.067
0.000, 0.000, 0.000, 0.000, 0.000, 0.000, 0.000, 0.000, 0.000, 0.000
0.000, 0.000, 0.083, 0.050, 0.000, 0.565, 0.000, 0.015, 0.024, 0.000
0.058, 0.000, 0.171, 0.498, 0.243, 0.112, 0.000, 0.079, 0.106, 0.000
0.000, 0.000, 0.000, 0.000, 0.000, 0.000, 0.000, 0.000, 0.000, 0.000
0.000, 0.000, 0.000, 0.000, 0.000, 0.000, 0.000, 0.000, 0.000, 0.000
0.053, 0.315, 0.000, 0.097, 0.158, 0.323, 0.000, 0.021, 0.000, 0.000
0.000, 0.000, 0.000, 0.000, 0.000, 0.000, 0.000, 0.000, 0.000, 0.000
0.000, 0.000, 0.000, 0.000, 0.000, 0.000, 0.000, 0.000, 0.000, 0.000
0.000, 0.000, 0.000, 0.000, 0.000, 0.000, 0.000, 0.000, 0.000, 0.000
0.000, 0.000, 0.000, 0.000, 0.000, 0.000, 0.000, 0.000, 0.000, 0.000
0.000, 0.000, 0.000, 0.053, 0.000, 0.000, 0.214, 0.000, 0.000, 2.912
0.000, 0.173, 0.000, 0.000, 0.000, 0.678, 0.482, 0.000, 0.000, 0.000
0.000, 0.000, 0.000, 0.573, 0.000, 0.121, 0.077, 0.000, 0.000, 0.693
0.068, 0.360, 0.000, 0.200, 0.168, 0.251, 0.021, 0.000, 0.000, 0.000
0.000, 0.000, 0.000, 0.000, 0.000, 0.000, 0.000, 0.000, 0.000, 0.000
0.000, 0.000, 0.000, 0.000, 0.000, 0.000, 0.000, 0.000, 0.000, 0.000
0.000, 0.000, 0.000, 0.003, 0.007, 0.738, 0.022, 0.000, 0.000, 0.000
0.000, 0.000, 0.000, 0.120, 0.000, 0.572, 0.000, 0.233, 0.014, 0.461
0.000, 0.000, 0.000, 0.000, 0.000, 0.000, 0.000, 0.000, 0.000, 0.000
0.000, 0.000, 0.000, 0.000, 0.000, 0.000, 0.000, 0.000, 0.000, 0.000
0.025, 0.000, 0.000, 0.024, 0.287, 0.434, 0.037, 0.035, 0.009, 0.000
0.000, 0.023, 0.000, 0.221, 0.000, 0.496, 0.000, 0.008, 0.009, 0.021
0.036, 0.000, 0.048, 0.028, 0.000, 0.230, 0.065, 0.000, 0.035, 0.306
0.294, 0.081, 0.000, 0.000, 0.142, 0.365, 0.000, 0.000, 0.042, 0.042
0.000, 0.000, 0.000, 0.000, 0.000, 0.000, 0.000, 0.000, 0.000, 0.000
0.000, 0.000, 0.000, 0.000, 0.000, 0.000, 0.000, 0.000, 0.000, 0.000
0.005, 0.164, 0.000, 0.007, 0.000, 0.346, 0.205, 0.000, 0.067, 0.000
0.000, 0.000, 0.000, 0.000, 0.000, 0.000, 0.000, 0.000, 0.000, 0.000
0.000, 0.000, 0.487, 0.000, 0.000, 0.294, 0.112, 0.009, 0.000, 0.179
0.000, 0.000, 0.000, 0.000, 0.000, 0.000, 0.000, 0.000, 0.000, 0.000
0.000, 0.000, 0.000, 0.000, 0.000, 0.000, 0.000, 0.000, 0.000, 0.000
0.000, 0.000, 0.000, 0.000, 0.000, 0.000, 0.000, 0.000, 0.000, 0.000
0.056, 0.000, 0.000, 0.000, 0.000, 1.339, 0.000, 0.000, 0.000, 0.154
0.000, 0.000, 0.000, 0.000, 0.000, 1.206, 0.000, 0.000, 0.000, 0.000
0.000, 0.000, 0.000, 0.000, 0.000, 0.000, 0.000, 0.000, 0.000, 0.000
0.068, 1.615, 0.037, 0.087, 0.037, 0.111, 0.006, 0.042, 0.000, 0.032
0.000, 0.000, 4.962, 0.000, 0.000, 0.000, 0.000, 0.000, 0.000, 0.000
0.000, 0.000, 0.000, 0.000, 0.000, 0.000, 0.000, 0.000, 0.000, 0.000
3.998, 0.000, 0.021, 0.064, 0.000, 0.014, 0.000, 0.008, 0.002, 0.062
0.000, 0.427, 0.000, 0.000, 0.000, 0.945, 0.000, 0.000, 0.000, 0.000
0.000, 0.000, 0.000, 0.000, 0.000, 0.000, 0.000, 0.000, 0.000, 0.000
0.000, 0.000, 0.000, 0.000, 0.000, 0.000, 0.000, 0.000, 0.000, 0.000
0.000, 0.000, 0.000, 0.000, 0.000, 0.000, 0.000, 0.000, 0.000, 0.000
0.000, 0.000, 0.000, 0.000, 0.000, 0.000, 0.000, 0.000, 1.530, 0.001
0.000, 0.000, 0.000, 0.000, 0.000, 0.000, 0.000, 0.000, 0.000, 0.000
0.000, 0.000, 0.000, 0.000, 0.000, 0.000, 0.000, 0.000, 0.000, 0.000
0.000, 0.000, 0.000, 0.000, 0.000, 0.000, 0.000, 0.000, 0.000, 0.000
0.000, 0.000, 0.000, 0.000, 0.000, 0.000, 0.000, 0.000, 0.000, 0.000
0.000, 0.000, 0.000, 0.000, 0.000, 0.000, 0.000, 0.000, 0.000, 0.000
0.000, 0.000, 0.000, 0.000, 0.000, 0.000, 0.000, 0.000, 0.000, 0.000
0.000, 0.000, 0.000, 0.000, 0.000, 0.000, 0.000, 0.000, 0.000, 0.000
0.048, 1.375, 0.025, 0.536, 0.001, 0.000, 0.000, 0.018, 0.394, 0.000
0.000, 0.000, 0.000, 0.000, 0.000, 0.000, 0.000, 0.000, 0.000, 0.000
0.228, 0.087, 0.047, 0.016, 0.000, 0.383, 0.000, 0.136, 0.000, 0.077
0.000, 0.276, 0.000, 0.050, 0.000, 0.579, 0.078, 0.000, 0.000, 0.085
0.000, 0.000, 0.000, 2.952, 0.000, 0.000, 0.017, 0.000, 0.000, 0.000
0.000, 0.000, 0.000, 0.000, 0.000, 0.000, 0.000, 0.000, 0.000, 0.000
0.000, 0.000, 0.000, 0.000, 0.000, 0.000, 3.688, 0.073, 0.000, 0.000
0.000, 1.060, 0.000, 0.007, 0.000, 0.005, 0.000, 0.068, 0.549, 0.130
0.000, 0.000, 0.000, 0.000, 0.000, 0.000, 0.000, 0.000, 0.000, 0.000
0.156, 0.152, 0.262, 0.005, 0.000, 0.259, 0.000, 0.059, 0.016, 0.000
0.000, 0.127, 0.000, 0.096, 0.920, 0.309, 0.000, 0.000, 0.000, 0.005
0.023, 0.201, 0.019, 0.000, 0.141, 0.263, 0.004, 0.000, 0.045, 0.072
0.000, 0.000, 0.000, 0.000, 0.000, 0.000, 0.000, 0.000, 0.000, 0.000
0.000, 0.000, 0.000, 0.000, 0.000, 0.000, 0.000, 0.000, 0.000, 0.000
0.000, 0.429, 0.000, 0.000, 0.000, 1.664, 0.000, 0.000, 0.000, 0.000
0.000, 0.000, 4.673, 0.228, 0.000, 0.000, 0.000, 0.054, 0.000, 0.000
0.000, 0.000, 0.000, 0.000, 0.000, 0.000, 0.000, 0.000, 0.000, 0.000
0.000, 0.000, 0.000, 0.000, 0.000, 0.000, 0.000, 0.000, 0.000, 0.000
0.000, 0.000, 0.000, 0.000, 0.000, 0.000, 0.000, 0.000, 0.000, 0.000
0.000, 0.061, 0.029, 0.025, 0.005, 0.352, 0.000, 0.204, 0.000, 0.127
0.000, 0.000, 0.118, 0.011, 0.006, 0.353, 0.000, 0.013, 0.125, 0.057
0.003, 0.202, 0.000, 0.054, 0.000, 0.439, 0.000, 0.000, 0.000, 0.595
0.000, 0.000, 0.000, 0.000, 0.000, 0.000, 0.000, 0.000, 0.000, 0.000
0.000, 0.000, 0.000, 0.000, 0.000, 0.000, 0.000, 0.000, 0.000, 0.000
0.000, 0.000, 0.000, 0.000, 0.000, 0.000, 0.000, 0.000, 0.000, 0.000
0.000, 0.000, 0.000, 0.000, 0.000, 0.000, 0.304, 0.009, 0.000, 3.191
0.039, 0.804, 0.142, 0.124, 0.181, 0.197, 0.014, 0.000, 0.000, 0.088
0.000, 0.000, 0.000, 0.000, 0.000, 0.000, 0.000, 0.000, 0.000, 0.000
0.000, 0.000, 0.000, 0.000, 0.000, 0.000, 0.000, 0.000, 0.000, 0.000
0.000, 0.000, 0.000, 0.000, 0.000, 0.000, 0.000, 0.000, 0.000, 0.000
0.000, 0.000, 0.000, 0.000, 0.000, 0.000, 0.000, 0.000, 0.000, 0.000
0.000, 0.526, 0.000, 0.039, 0.000, 0.477, 0.000, 0.000, 0.041, 0.000
0.003, 0.024, 0.138, 0.124, 0.690, 0.010, 0.063, 0.407, 0.000, 0.091
0.000, 0.000, 0.000, 0.000, 0.000, 0.000, 0.000, 0.000, 0.000, 0.000
0.168, 0.503, 0.000, 0.016, 0.000, 0.167, 0.007, 0.013, 0.047, 0.000
0.000, 0.000, 0.000, 0.000, 0.000, 0.000, 0.000, 0.000, 0.000, 0.000
0.000, 0.000, 0.000, 0.231, 0.011, 0.161, 0.207, 0.025, 0.009, 0.182
0.000, 0.000, 0.000, 0.000, 0.000, 0.000, 0.000, 0.000, 0.000, 0.000
0.000, 0.000, 0.000, 0.000, 0.000, 0.000, 0.000, 0.000, 0.000, 0.000
0.000, 0.000, 0.000, 0.000, 0.000, 0.000, 0.000, 0.000, 0.000, 0.000
0.000, 0.000, 0.000, 0.000, 0.000, 0.000, 0.000, 0.000, 0.000, 0.000
0.000, 0.000, 0.000, 0.000, 0.000, 0.000, 0.000, 0.000, 0.000, 0.000
0.000, 0.000, 0.000, 0.000, 0.000, 0.000, 0.000, 0.000, 0.000, 0.000
0.000, 0.284, 0.000, 0.011, 0.000, 0.112, 0.000, 0.010, 0.203, 0.056
0.000, 1.063, 0.000, 0.000, 0.000, 0.000, 0.000, 0.000, 0.297, 1.067
0.000, 0.074, 0.000, 0.030, 0.012, 0.303, 0.008, 0.014, 0.000, 0.000
0.000, 0.000, 0.000, 0.000, 0.000, 0.000, 0.000, 0.000, 0.000, 0.000
0.000, 0.000, 0.111, 0.314, 0.258, 0.050, 0.000, 0.356, 0.000, 0.197
0.000, 0.000, 0.000, 0.000, 0.000, 0.000, 0.000, 0.000, 0.000, 0.000
0.000, 0.000, 0.000, 0.000, 0.000, 0.000, 0.000, 0.000, 0.000, 0.000
0.000, 0.000, 0.130, 0.009, 0.000, 0.511, 0.016, 0.000, 0.134, 0.000
0.000, 0.273, 0.119, 0.000, 0.000, 0.368, 0.000, 0.150, 0.014, 0.108
5.060, 0.108, 0.000, 0.000, 0.000, 0.000, 0.000, 0.000, 0.000, 0.000
0.000, 0.000, 0.000, 0.000, 0.000, 0.000, 0.000, 0.000, 0.000, 0.000
0.000, 0.000, 0.000, 0.000, 0.000, 0.000, 0.000, 0.000, 0.000, 0.000
0.000, 0.000, 0.000, 0.000, 0.000, 0.000, 0.000, 0.000, 0.000, 0.000
2.646, 0.000, 0.000, 0.075, 0.000, 0.000, 0.000, 0.006, 0.067, 0.020
0.011, 0.101, 0.000, 0.216, 0.001, 0.160, 0.219, 0.028, 0.004, 0.000
0.034, 0.106, 0.025, 0.080, 0.000, 0.054, 0.563, 0.035, 0.017, 0.000
0.000, 0.026, 0.084, 0.018, 0.000, 0.210, 0.000, 0.029, 0.043, 0.000
0.000, 0.000, 0.000, 0.000, 0.000, 0.000, 0.000, 0.000, 0.000, 0.000
0.000, 0.000, 0.000, 0.000, 0.000, 0.392, 0.000, 0.000, 0.057, 1.245
0.000, 0.348, 0.000, 0.584, 0.124, 0.012, 0.435, 0.000, 0.006, 0.000
0.008, 0.037, 0.018, 0.017, 0.020, 0.415, 0.000, 0.126, 0.023, 0.012
4.522, 0.000, 0.000, 0.000, 0.000, 0.055, 0.003, 0.000, 0.000, 0.000
0.000, 0.000, 0.000, 0.000, 0.000, 0.000, 0.000, 0.000, 0.000, 0.000
0.016, 0.000, 0.136, 0.160, 0.020, 0.166, 0.017, 0.040, 0.000, 0.246
0.000, 0.000, 0.000, 0.000, 0.000, 0.000, 0.000, 0.000, 0.000, 0.000
0.144, 0.000, 0.122, 0.031, 0.060, 0.202, 0.000, 0.067, 0.000, 0.118
0.000, 1.677, 0.065, 0.038, 0.002, 0.184, 0.000, 0.045, 0.000, 0.000
0.074, 0.000, 0.000, 0.000, 0.000, 0.000, 0.016, 0.006, 0.002, 1.608
0.000, 0.000, 0.000, 0.000, 0.000, 0.000, 0.000, 0.000, 0.000, 0.000
0.000, 0.000, 0.000, 0.000, 0.000, 0.000, 0.000, 0.000, 0.000, 0.000
0.000, 0.065, 0.073, 0.032, 0.000, 0.239, 0.006, 0.113, 0.000, 0.289
0.190, 0.000, 0.000, 0.000, 0.000, 1.174, 0.000, 0.000, 0.000, 0.000
0.000, 0.000, 0.039, 0.000, 0.000, 0.119, 0.000, 0.000, 0.719, 0.346
0.000, 0.000, 0.000, 0.000, 0.000, 1.697, 0.000, 0.118, 0.000, 0.000
0.000, 0.000, 4.994, 0.008, 0.024, 0.000, 0.000, 0.000, 0.000, 0.000
0.067, 0.155, 0.031, 0.081, 0.050, 0.309, 0.000, 0.127, 0.000, 0.000
0.000, 0.448, 0.024, 0.053, 0.032, 0.191, 0.000, 0.000, 0.104, 0.110
0.000, 0.000, 0.109, 0.025, 0.254, 0.465, 0.000, 0.013, 0.000, 0.129
0.000, 0.000, 0.000, 0.000, 0.000, 0.000, 0.000, 0.000, 0.000, 0.000
0.000, 0.000, 0.000, 0.000, 4.291, 0.000, 0.000, 0.000, 0.000, 0.000
0.109, 0.000, 0.000, 0.016, 0.000, 0.000, 0.001, 0.000, 1.650, 0.000
0.000, 0.000, 0.000, 0.000, 0.000, 0.000, 0.000, 0.000, 0.000, 0.000
0.000, 0.000, 0.000, 0.867, 0.000, 0.178, 0.104, 0.000, 0.002, 0.000
0.000, 0.000, 0.000, 0.000, 0.000, 0.000, 0.000, 0.000, 0.000, 0.000
0.000, 0.000, 0.000, 1.456, 0.002, 0.000, 0.000, 0.000, 0.000, 0.253
0.000, 0.000, 0.000, 0.000, 0.000, 0.000, 0.000, 0.000, 0.000, 0.000
0.018, 0.105, 0.019, 0.068, 0.000, 0.340, 0.311, 0.005, 0.005, 0.000
0.000, 0.000, 0.000, 0.000, 0.000, 0.000, 0.000, 0.000, 0.000, 0.000
0.000, 0.239, 0.085, 0.114, 0.000, 0.221, 0.013, 0.067, 0.000, 0.003
0.000, 0.000, 0.000, 0.000, 0.000, 0.000, 0.000, 0.000, 0.000, 0.000
0.004, 0.000, 0.015, 0.029, 0.103, 0.058, 0.005, 0.203, 0.000, 1.135
0.000, 0.000, 0.000, 0.000, 0.000, 0.000, 0.000, 0.000, 0.000, 0.000
0.000, 0.000, 0.000, 0.000, 0.000, 0.000, 0.000, 0.000, 0.000, 0.000
0.000, 0.506, 0.029, 0.072, 0.132, 0.268, 0.000, 0.071, 0.047, 0.017
0.007, 0.412, 0.000, 0.493, 0.144, 0.044, 0.336, 0.000, 0.000, 0.000
0.000, 0.000, 0.000, 0.000, 0.000, 0.000, 0.000, 0.000, 0.000, 0.000
0.035, 0.005, 0.000, 0.000, 0.000, 0.000, 0.000, 0.048, 2.031, 0.000
0.000, 0.023, 0.275, 0.010, 0.000, 0.866, 0.000, 0.000, 0.000, 0.000
0.000, 0.000, 0.000, 0.000, 0.000, 0.000, 0.000, 0.000, 0.000, 0.000
0.000, 0.000, 0.296, 0.000, 0.000, 0.469, 0.000, 0.398, 0.000, 0.000
0.000, 0.000, 0.000, 0.000, 0.000, 0.000, 0.000, 0.000, 0.000, 0.000
0.000, 0.000, 0.000, 0.000, 0.000, 0.000, 0.000, 0.000, 0.000, 0.000
0.000, 0.000, 0.000, 0.000, 0.000, 0.000, 0.000, 0.000, 0.000, 0.000
0.000, 0.000, 0.000, 0.000, 0.000, 0.000, 0.000, 0.000, 0.000, 0.000
0.004, 0.648, 0.051, 0.080, 0.099, 0.233, 0.000, 0.039, 0.000, 0.039
0.000, 0.000, 0.000, 0.116, 0.000, 0.000, 0.000, 2.588, 0.000, 0.000
0.000, 0.008, 0.186, 0.047, 0.000, 0.332, 0.000, 0.064, 0.054, 0.057
0.000, 0.000, 0.000, 0.000, 0.000, 0.000, 0.000, 0.000, 0.000, 0.000
0.000, 0.000, 0.000, 0.000, 0.000, 1.680, 0.000, 0.000, 0.004, 0.000
0.000, 0.000, 0.047, 0.748, 0.023, 0.133, 0.078, 0.000, 0.000, 0.428
0.000, 0.000, 0.000, 0.000, 0.000, 0.000, 0.000, 0.000, 0.000, 0.000
0.000, 0.000, 0.000, 0.000, 0.000, 0.000, 0.000, 0.000, 0.000, 0.000
0.000, 0.000, 0.000, 0.000, 0.000, 0.000, 0.000, 0.000, 0.000, 0.000
0.143, 0.203, 0.298, 0.000, 0.000, 0.256, 0.000, 0.053, 0.000, 0.022
0.000, 0.000, 0.000, 0.000, 0.000, 0.000, 0.000, 0.000, 0.000, 0.000
0.021, 0.210, 0.146, 0.024, 0.070, 0.128, 0.009, 0.020, 0.022, 0.113
0.000, 0.000, 0.000, 0.272, 0.012, 0.266, 0.011, 0.025, 0.016, 0.152
0.000, 0.000, 0.000, 0.000, 0.000, 0.000, 0.000, 0.000, 0.000, 0.000
0.000, 0.159, 0.000, 0.120, 0.148, 0.551, 0.000, 0.000, 0.000, 0.012
0.000, 0.000, 0.000, 0.000, 0.000, 0.000, 0.000, 0.000, 0.000, 0.000
0.000, 0.000, 0.000, 0.001, 0.051, 0.316, 0.006, 0.036, 0.004, 0.028
0.000, 0.000, 0.000, 0.000, 0.000, 0.000, 0.000, 0.000, 0.000, 0.000
0.000, 0.184, 0.000, 0.745, 0.000, 0.159, 0.316, 0.000, 0.000, 0.475
0.000, 0.000, 0.000, 0.351, 0.000, 0.229, 0.003, 0.006, 0.029, 0.154
0.000, 0.000, 0.000, 0.000, 0.000, 0.000, 0.000, 0.000, 0.000, 0.000
0.000, 0.000, 0.000, 0.000, 0.000, 0.000, 0.000, 0.000, 0.000, 0.000
0.000, 0.000, 0.000, 0.000, 0.000, 1.960, 0.000, 0.000, 0.000, 0.000
0.000, 0.000, 0.000, 0.000, 0.000, 0.000, 0.000, 0.000, 0.000, 0.000
0.814, 0.000, 0.000, 0.000, 0.000, 0.000, 0.000, 0.003, 0.000, 3.875
0.000, 0.033, 0.017, 0.000, 0.000, 0.000, 0.000, 0.000, 0.013, 3.408
0.007, 0.000, 0.143, 0.416, 0.000, 0.114, 0.000, 0.000, 0.126, 0.128
0.030, 0.814, 0.223, 0.000, 0.015, 0.000, 0.000, 0.000, 0.034, 1.223
0.000, 0.000, 0.000, 0.053, 0.294, 0.082, 0.000, 0.119, 0.156, 0.371
0.000, 0.000, 0.000, 0.000, 0.000, 0.000, 0.000, 0.000, 0.000, 0.000
0.000, 0.000, 0.000, 0.000, 0.000, 0.000, 0.000, 0.000, 0.000, 0.000
0.000, 0.000, 0.000, 0.000, 0.000, 0.000, 0.000, 0.000, 0.000, 0.000
0.000, 0.000, 0.000, 0.000, 0.000, 0.000, 0.000, 0.000, 0.000, 0.000
0.196, 0.000, 0.024, 0.025, 0.000, 0.469, 0.000, 0.065, 0.000, 0.042
0.206, 0.000, 0.000, 0.000, 0.000, 1.218, 0.000, 0.000, 0.000, 0.000
0.000, 0.000, 0.000, 0.000, 0.000, 0.000, 0.000, 0.000, 0.000, 0.000
0.096, 0.065, 0.021, 0.011, 0.008, 0.365, 0.000, 0.017, 0.027, 0.000
0.000, 0.128, 0.000, 0.023, 0.000, 0.395, 0.019, 0.007, 0.006, 0.013
0.000, 0.000, 0.000, 0.000, 0.000, 0.000, 0.000, 0.000, 0.000, 0.000
0.120, 0.000, 0.000, 0.000, 0.000, 0.967, 0.000, 0.000, 0.000, 0.000
0.000, 0.000, 0.013, 0.000, 0.000, 0.759, 0.000, 0.000, 0.000, 0.071
0.025, 0.169, 0.000, 0.062, 0.141, 0.346, 0.000, 0.007, 0.021, 0.032
0.001, 0.000, 0.000, 0.000, 0.000, 0.646, 0.000, 0.000, 0.095, 0.276
0.000, 0.000, 0.000, 0.000, 0.000, 0.000, 0.000, 0.000, 0.000, 0.000
0.000, 0.000, 0.000, 0.000, 0.000, 0.000, 0.000, 0.000, 0.000, 0.000
0.000, 0.000, 0.000, 0.000, 0.000, 0.000, 0.000, 0.000, 0.000, 0.000
0.424, 0.000, 0.000, 0.178, 0.000, 0.349, 0.000, 0.000, 0.078, 0.037
0.000, 0.000, 0.000, 0.000, 0.000, 0.000, 0.000, 0.000, 0.000, 0.000
0.000, 0.000, 0.000, 0.000, 0.000, 0.000, 0.000, 0.000, 0.000, 0.000
0.000, 0.212, 0.007, 0.149, 0.068, 0.019, 0.113, 0.074, 0.028, 0.150
0.000, 0.000, 0.000, 0.054, 0.084, 0.859, 0.144, 0.000, 0.000, 0.000
0.000, 0.000, 0.000, 2.488, 0.000, 0.000, 0.000, 0.000, 0.000, 0.000
0.013, 0.000, 0.059, 0.024, 0.028, 0.211, 0.004, 0.094, 0.000, 0.400
0.000, 0.000, 0.000, 0.000, 0.000, 0.000, 0.000, 0.000, 0.000, 0.000
0.000, 0.000, 0.000, 0.000, 0.000, 0.000, 0.000, 0.000, 0.000, 0.000
0.000, 0.000, 0.000, 2.236, 0.000, 0.000, 0.000, 0.000, 0.000, 0.000
0.009, 0.000, 4.589, 0.000, 0.000, 0.000, 0.090, 0.000, 0.000, 0.000
0.000, 0.000, 0.000, 0.000, 0.000, 0.000, 0.000, 0.000, 0.000, 0.000
0.021, 0.663, 1.455, 0.000, 0.000, 0.000, 0.292, 0.000, 0.000, 0.839
0.000, 0.007, 0.001, 0.177, 0.009, 0.145, 0.176, 0.089, 0.175, 0.061
0.000, 0.074, 0.052, 0.194, 0.016, 0.179, 0.000, 0.017, 0.009, 0.056
0.000, 0.000, 0.000, 0.000, 0.000, 0.000, 0.000, 0.000, 0.000, 0.000
0.000, 0.000, 0.000, 0.000, 0.000, 0.525, 0.000, 0.000, 1.402, 0.000
0.000, 0.000, 0.000, 0.000, 0.000, 0.000, 0.000, 0.000, 0.000, 0.000
0.000, 0.000, 0.000, 0.000, 0.000, 0.000, 0.000, 0.000, 0.000, 0.000
0.007, 0.055, 0.000, 0.074, 0.350, 0.045, 0.000, 0.108, 0.157, 0.389
0.003, 0.018, 0.185, 0.003, 0.000, 0.247, 0.000, 0.000, 0.004, 0.474
0.000, 0.000, 0.000, 0.000, 0.000, 0.000, 0.000, 0.000, 0.000, 0.000
0.000, 0.000, 0.000, 0.000, 0.000, 0.000, 0.000, 0.000, 0.000, 0.000
0.000, 0.000, 0.000, 0.000, 0.000, 0.000, 0.000, 0.000, 0.000, 0.000
0.000, 0.000, 0.000, 0.000, 0.000, 0.000, 0.000, 0.000, 0.000, 0.000
0.000, 0.000, 0.000, 0.000, 0.000, 0.000, 0.000, 0.000, 0.000, 0.000
0.000, 0.000, 0.139, 0.013, 0.218, 0.371, 0.325, 0.000, 0.005, 0.000
0.000, 0.000, 0.000, 0.000, 0.197, 1.088, 0.000, 0.000, 0.000, 0.000
0.000, 0.000, 0.000, 0.000, 0.000, 0.000, 0.000, 0.000, 0.000, 0.000
0.000, 0.000, 0.000, 0.000, 0.000, 0.000, 0.000, 0.000, 0.000, 0.000
0.000, 0.000, 0.000, 0.000, 0.000, 0.000, 0.000, 0.000, 0.000, 0.000
0.000, 0.000, 0.000, 0.000, 0.000, 0.000, 0.000, 0.000, 0.000, 0.000
0.155, 0.000, 0.000, 0.005, 0.312, 0.130, 0.000, 0.078, 0.456, 0.353
0.000, 0.275, 0.085, 0.083, 0.000, 0.180, 0.017, 0.057, 0.011, 0.061
0.000, 0.000, 0.000, 0.000, 0.000, 1.972, 0.000, 0.000, 0.000, 0.000
0.000, 0.000, 0.076, 0.000, 0.000, 0.000, 0.000, 2.526, 0.237, 0.000
0.000, 6.150, 0.000, 0.000, 0.000, 0.000, 0.013, 0.000, 0.000, 0.000
0.000, 0.000, 0.000, 0.000, 0.000, 0.000, 0.000, 0.000, 0.000, 0.000
0.000, 0.000, 0.035, 0.000, 0.088, 0.352, 0.000, 0.280, 0.000, 0.084
0.000, 0.012, 0.000, 0.032, 0.000, 0.530, 0.002, 0.000, 0.016, 0.000
0.022, 0.000, 0.000, 0.016, 0.302, 0.176, 0.000, 0.081, 0.168, 0.430
0.000, 0.000, 0.000, 0.000, 0.000, 0.000, 0.000, 0.000, 0.000, 0.000
0.000, 0.000, 0.000, 0.000, 0.000, 0.000, 0.000, 0.000, 0.000, 0.000
0.000, 0.000, 0.000, 0.061, 0.329, 0.000, 0.006, 0.380, 0.139, 0.364
0.000, 0.000, 0.000, 0.000, 0.054, 0.000, 0.000, 0.000, 0.000, 3.606
0.000, 0.000, 0.000, 0.000, 0.000, 0.000, 0.000, 0.000, 0.000, 0.000
0.000, 0.000, 0.000, 0.000, 0.000, 0.000, 0.000, 0.000, 0.000, 0.000
0.000, 0.232, 0.000, 0.000, 0.000, 0.676, 0.068, 0.022, 0.000, 0.035
0.000, 0.000, 0.000, 0.000, 0.000, 0.000, 0.000, 0.000, 0.000, 0.000
0.000, 0.000, 0.000, 0.000, 0.000, 0.000, 0.000, 0.000, 0.000, 0.000
0.000, 0.000, 0.000, 0.000, 0.000, 0.000, 0.000, 0.000, 0.000, 0.000
0.000, 0.000, 0.000, 0.000, 0.000, 0.000, 0.000, 0.000, 0.000, 0.000
0.000, 0.049, 0.000, 0.000, 0.043, 1.263, 0.000, 0.000, 0.021, 0.000
0.125, 0.000, 0.000, 0.058, 0.105, 0.065, 0.013, 0.031, 0.004, 0.467
0.000, 0.000, 0.000, 0.000, 0.000, 0.000, 0.000, 0.000, 0.000, 0.000
0.000, 0.000, 0.000, 0.000, 0.000, 0.000, 0.000, 0.000, 0.000, 0.000
0.000, 0.000, 0.000, 0.000, 0.000, 0.000, 3.271, 0.069, 0.115, 0.000
0.144, 0.019, 0.000, 0.000, 0.000, 0.883, 0.000, 0.000, 0.000, 0.000
0.259, 0.000, 0.000, 0.054, 0.018, 0.000, 0.000, 0.017, 0.000, 3.278
0.013, 0.000, 0.000, 1.380, 0.000, 0.000, 0.000, 0.000, 0.000, 0.000
0.182, 0.787, 0.064, 0.060, 0.000, 0.156, 0.004, 0.045, 0.000, 0.000
0.000, 0.000, 0.000, 0.000, 0.000, 0.094, 0.000, 0.000, 0.610, 0.000
0.000, 0.000, 0.000, 0.000, 0.077, 1.065, 0.000, 0.000, 0.000, 0.000
0.000, 0.000, 0.000, 0.000, 0.000, 0.000, 0.000, 0.000, 0.000, 0.000
0.140, 0.111, 0.246, 0.001, 0.000, 0.228, 0.102, 0.080, 0.000, 0.004
0.000, 0.000, 0.000, 0.000, 0.000, 0.000, 0.000, 0.000, 0.000, 0.000
0.000, 0.226, 0.060, 0.185, 0.102, 0.319, 0.091, 0.067, 0.000, 0.094
0.000, 0.000, 0.084, 0.573, 0.000, 0.169, 0.097, 0.000, 0.000, 0.513
0.185, 0.000, 0.000, 0.000, 0.000, 1.097, 0.000, 0.000, 0.027, 0.000
0.000, 0.000, 0.000, 0.000, 0.000, 0.000, 0.000, 0.000, 0.000, 0.000
0.494, 0.190, 0.000, 0.724, 0.039, 0.034, 0.000, 0.000, 0.000, 0.000
0.000, 5.193, 0.000, 0.000, 0.000, 0.000, 0.000, 0.000, 0.000, 0.000
0.168, 0.000, 0.000, 0.114, 0.058, 0.861, 0.122, 0.000, 0.000, 0.000
0.000, 0.095, 0.294, 0.040, 0.000, 0.210, 0.067, 0.000, 0.020, 0.201
0.000, 0.000, 0.000, 0.000, 0.000, 0.000, 0.000, 0.000, 0.000, 0.000
0.000, 0.000, 0.121, 0.326, 0.000, 0.263, 0.000, 0.000, 0.107, 0.023
0.169, 0.000, 0.000, 0.000, 0.000, 0.000, 0.000, 2.214, 0.049, 0.000
0.000, 0.000, 0.000, 0.000, 0.000, 0.000, 0.000, 0.000, 0.000, 0.000
0.000, 0.000, 0.000, 0.000, 0.000, 0.000, 0.000, 0.000, 0.000, 0.000
0.028, 0.000, 0.000, 0.003, 0.053, 0.753, 0.094, 0.000, 0.000, 0.000
0.000, 0.000, 0.000, 0.038, 0.000, 0.010, 0.000, 0.010, 1.586, 0.000
0.000, 0.071, 0.296, 0.000, 0.000, 0.966, 0.007, 0.000, 0.000, 0.000
0.005, 0.000, 0.000, 0.012, 0.000, 0.435, 0.484, 0.000, 0.026, 0.000
0.000, 0.000, 0.000, 0.000, 0.000, 0.000, 0.000, 0.000, 0.000, 0.000
0.000, 0.000, 0.284, 2.468, 0.000, 0.000, 0.000, 0.000, 0.153, 0.000
0.010, 0.011, 0.000, 0.252, 0.058, 0.311, 0.005, 0.000, 0.000, 0.015
0.000, 0.000, 0.000, 0.000, 0.000, 0.000, 0.000, 0.000, 0.000, 0.000
0.028, 0.000, 0.000, 0.011, 1.386, 0.300, 0.000, 0.000, 0.001, 0.000
0.000, 0.000, 0.000, 0.000, 0.000, 0.000, 0.000, 0.000, 0.000, 0.000
0.000, 0.000, 0.000, 0.000, 0.000, 0.000, 0.000, 0.000, 0.000, 0.000
0.000, 0.000, 0.000, 0.000, 0.000, 0.000, 0.000, 0.000, 0.000, 0.000
0.000, 0.000, 0.000, 0.000, 0.000, 0.000, 0.000, 0.000, 0.000, 0.000
5.238, 0.000, 0.000, 0.000, 0.098, 0.000, 0.000, 0.000, 0.000, 0.000
0.000, 0.000, 0.000, 0.000, 0.000, 0.000, 0.000, 0.000, 0.000, 0.000
0.009, 0.000, 0.297, 0.012, 0.001, 0.363, 0.002, 0.105, 0.000, 0.000
0.098, 0.000, 0.000, 0.020, 0.008, 0.544, 0.000, 0.004, 0.024, 0.174
0.000, 0.000, 0.000, 0.000, 0.000, 0.000, 0.000, 0.000, 0.000, 0.000
0.000, 0.000, 0.000, 0.000, 0.000, 0.000, 0.000, 0.000, 0.000, 0.000
0.000, 0.021, 0.000, 0.022, 0.000, 0.551, 0.000, 0.044, 0.000, 0.000
0.000, 0.000, 0.000, 0.000, 0.000, 1.209, 0.010, 0.000, 0.000, 0.000
0.000, 0.000, 0.000, 0.000, 0.000, 0.000, 0.000, 0.000, 0.000, 0.000
0.000, 0.000, 0.000, 0.000, 0.000, 0.000, 0.000, 0.000, 0.000, 0.000
0.135, 0.000, 0.008, 1.401, 0.000, 0.000, 0.000, 0.000, 0.030, 0.000
0.000, 0.000, 0.000, 0.000, 0.000, 0.000, 0.000, 0.000, 0.000, 0.000
0.000, 0.000, 0.000, 0.000, 0.000, 0.000, 0.000, 0.000, 0.000, 0.000
0.000, 0.000, 0.000, 0.000, 0.000, 0.000, 0.000, 0.000, 0.000, 0.000
0.000, 0.000, 0.000, 0.000, 0.000, 0.000, 0.000, 0.000, 0.000, 0.000
0.000, 0.000, 0.000, 0.000, 0.000, 0.000, 0.000, 0.000, 0.000, 0.000
0.099, 0.000, 0.000, 0.056, 0.000, 0.026, 0.081, 0.266, 0.000, 0.411
0.000, 0.000, 0.000, 0.000, 0.008, 0.685, 0.000, 0.000, 0.007, 0.131
0.000, 0.042, 0.000, 0.138, 0.000, 0.250, 0.026, 0.223, 0.037, 0.124
0.088, 0.062, 0.101, 0.051, 0.051, 0.200, 0.003, 0.032, 0.006, 0.138
0.000, 0.033, 0.037, 0.000, 0.109, 0.210, 0.051, 0.088, 0.122, 0.039
0.000, 0.000, 0.000, 0.000, 0.000, 0.000, 0.000, 0.000, 0.000, 0.000
0.002, 0.000, 0.016, 0.045, 0.301, 0.040, 0.000, 0.156, 0.156, 0.366
0.000, 0.000, 0.000, 0.224, 0.000, 0.349, 0.005, 0.000, 0.027, 0.093
0.000, 0.000, 0.000, 0.000, 0.000, 0.000, 0.000, 0.000, 0.000, 0.000
0.000, 0.000, 0.000, 0.000, 0.000, 0.000, 0.000, 0.000, 0.000, 0.000
0.000, 0.000, 0.000, 0.000, 0.000, 0.000, 0.000, 0.000, 0.000, 0.000
0.000, 0.000, 0.000, 0.000, 0.000, 0.000, 0.000, 0.000, 0.000, 0.000
0.000, 0.000, 0.000, 0.000, 0.000, 0.000, 0.000, 0.000, 0.000, 0.000
0.000, 0.000, 0.731, 0.874, 0.000, 0.016, 0.000, 0.000, 0.115, 0.000
0.000, 0.000, 0.000, 0.000, 0.000, 0.000, 0.000, 0.000, 0.000, 0.000
0.501, 0.061, 0.000, 0.400, 0.021, 0.056, 0.000, 0.005, 0.087, 0.000
0.000, 0.000, 0.000, 0.000, 0.000, 0.000, 0.000, 0.000, 0.000, 0.000
0.000, 0.000, 0.000, 0.000, 3.675, 0.070, 0.000, 0.010, 0.000, 0.000
0.000, 0.000, 0.000, 0.000, 0.000, 0.000, 0.000, 0.000, 0.000, 0.000
0.000, 0.000, 0.063, 0.000, 0.043, 0.259, 0.000, 0.000, 0.161, 0.107
0.114, 0.000, 0.000, 0.000, 0.000, 0.000, 0.144, 0.000, 1.478, 0.000
0.000, 0.000, 0.000, 0.000, 0.000, 0.000, 0.000, 0.000, 0.000, 0.000
0.010, 0.000, 0.000, 0.023, 0.104, 0.307, 0.003, 0.096, 0.001, 0.002
0.000, 0.000, 0.000, 0.000, 0.000, 0.000, 0.000, 0.000, 0.000, 0.000
0.000, 0.000, 0.000, 0.000, 0.000, 1.008, 0.000, 0.000, 0.000, 0.018
0.000, 0.000, 0.000, 0.000, 0.000, 0.000, 0.000, 0.000, 0.000, 0.000
0.000, 0.000, 0.000, 0.000, 0.000, 0.000, 0.000, 0.000, 0.000, 0.000
0.223, 0.000, 0.000, 0.000, 0.000, 1.403, 0.000, 0.000, 0.000, 0.000
0.000, 0.000, 0.012, 0.015, 0.070, 0.323, 0.019, 0.054, 0.000, 0.000
0.000, 0.346, 0.176, 0.283, 0.084, 0.252, 0.164, 0.054, 0.000, 0.000
0.000, 0.234, 0.338, 0.058, 0.000, 0.417, 0.108, 0.017, 0.000, 0.000
0.000, 0.000, 0.000, 0.000, 0.000, 0.000, 0.000, 0.000, 0.000, 0.000
0.000, 0.000, 0.000, 0.000, 0.000, 0.000, 0.000, 0.000, 0.000, 0.000
0.000, 0.000, 0.000, 0.000, 0.000, 0.000, 0.000, 0.000, 0.000, 0.000
0.000, 0.000, 0.000, 0.000, 0.000, 0.000, 0.000, 0.000, 0.000, 0.000
0.171, 0.000, 0.000, 0.000, 0.000, 1.720, 0.000, 0.000, 0.000, 0.000
0.000, 0.000, 0.000, 0.000, 0.000, 0.000, 0.000, 0.000, 0.000, 0.000
0.000, 0.000, 0.000, 0.000, 0.000, 0.000, 0.000, 0.000, 0.000, 0.000
0.000, 0.000, 0.000, 0.000, 0.000, 0.000, 0.000, 0.000, 0.000, 0.000
0.000, 0.000, 0.000, 0.000, 0.000, 0.000, 0.000, 0.000, 0.000, 0.000
0.000, 0.000, 0.000, 0.000, 0.000, 0.000, 0.000, 0.000, 0.000, 0.000
0.000, 0.000, 0.000, 0.000, 0.000, 0.000, 0.000, 0.000, 0.000, 0.000
0.000, 0.000, 0.000, 0.000, 0.000, 0.000, 0.000, 0.000, 0.000, 0.000
0.000, 0.000, 0.000, 0.000, 0.000, 0.000, 0.000, 0.000, 0.000, 0.000
0.000, 0.442, 0.052, 0.146, 0.019, 0.179, 0.026, 0.016, 0.000, 0.116
0.000, 0.000, 0.000, 0.000, 0.000, 0.000, 0.000, 0.000, 0.000, 0.000
0.000, 0.000, 0.000, 0.000, 0.000, 0.000, 0.000, 0.000, 0.000, 0.000
0.000, 0.000, 0.000, 0.000, 0.000, 0.000, 0.000, 0.000, 0.000, 0.000
0.000, 0.235, 0.000, 0.000, 0.000, 0.000, 0.000, 2.734, 0.000, 0.000
0.000, 0.238, 0.067, 0.138, 0.393, 0.342, 0.000, 0.000, 0.000, 0.000
0.000, 0.079, 0.061, 0.050, 0.023, 0.259, 0.044, 0.141, 0.000, 0.012
0.000, 0.000, 0.000, 0.000, 0.068, 1.096, 0.055, 0.000, 0.000, 0.000
0.046, 0.033, 0.205, 0.139, 0.000, 0.218, 0.008, 0.062, 0.037, 0.000
0.108, 0.443, 0.000, 0.000, 0.139, 0.387, 0.000, 0.000, 0.000, 0.000
0.056, 0.000, 0.041, 0.034, 0.027, 0.127, 0.064, 0.011, 0.042, 0.107
0.000, 0.000, 0.000, 0.000, 0.000, 0.000, 0.000, 0.000, 0.000, 0.000
0.000, 0.000, 0.000, 0.000, 0.000, 0.000, 0.000, 0.000, 0.000, 0.000
0.000, 0.000, 0.000, 0.000, 0.000, 0.000, 0.000, 0.000, 0.000, 0.000
0.000, 0.000, 0.000, 0.000, 0.000, 0.000, 0.000, 0.000, 0.000, 0.000
0.000, 0.000, 0.000, 0.000, 0.000, 0.000, 0.000, 0.000, 0.000, 0.000
0.000, 0.000, 0.000, 0.000, 0.000, 0.000, 0.000, 0.000, 0.000, 0.000
0.000, 0.000, 0.000, 0.000, 0.000, 0.000, 0.000, 0.000, 0.000, 0.000
0.000, 0.000, 0.000, 0.000, 0.000, 0.000, 0.000, 0.000, 0.000, 0.000
0.146, 0.313, 0.042, 0.074, 0.002, 0.159, 0.263, 0.003, 0.000, 0.000
0.025, 0.024, 0.095, 0.031, 0.057, 0.211, 0.275, 0.020, 0.004, 0.110
0.000, 0.000, 5.590, 0.000, 0.000, 0.000, 0.000, 0.000, 0.000, 0.000
0.000, 0.143, 0.000, 0.000, 0.000, 0.470, 0.033, 0.000, 0.000, 0.000
0.000, 0.000, 0.000, 0.000, 0.000, 0.000, 0.000, 0.000, 0.000, 0.000
0.000, 0.000, 0.000, 0.000, 0.000, 0.000, 0.000, 0.000, 0.000, 0.000
0.000, 5.220, 0.082, 0.000, 0.000, 0.000, 0.000, 0.000, 0.000, 0.000
0.000, 0.000, 0.000, 0.000, 0.000, 0.000, 3.674, 0.000, 0.000, 0.000
0.000, 1.316, 0.000, 0.000, 0.000, 0.000, 0.003, 0.000, 0.327, 0.299
0.000, 0.000, 0.000, 0.000, 0.000, 0.000, 0.000, 0.000, 0.000, 0.000
0.043, 0.057, 0.060, 0.000, 0.007, 0.181, 0.704, 0.028, 0.000, 0.042
0.000, 0.000, 0.000, 0.000, 0.000, 0.000, 0.000, 0.000, 0.000, 0.000
0.000, 0.000, 0.000, 0.000, 0.000, 0.000, 0.000, 0.000, 0.000, 0.000
0.000, 0.000, 0.000, 0.000, 0.000, 0.000, 0.000, 0.000, 0.000, 0.000
0.000, 0.000, 0.000, 0.000, 0.000, 0.000, 0.000, 0.000, 0.000, 0.000
0.000, 0.000, 0.000, 0.000, 0.000, 0.000, 0.000, 0.000, 0.000, 0.000
0.136, 0.354, 0.226, 0.041, 0.028, 0.207, 0.000, 0.053, 0.004, 0.047
0.000, 0.000, 0.000, 0.000, 0.000, 0.000, 0.000, 0.000, 0.000, 0.000
0.005, 0.000, 0.000, 0.000, 0.000, 0.000, 3.787, 0.070, 0.000, 0.000
0.000, 0.122, 0.075, 0.497, 0.000, 0.123, 0.000, 0.013, 0.000, 0.000
0.000, 0.000, 0.000, 0.000, 0.000, 0.000, 0.000, 0.000, 0.000, 0.000
0.000, 0.000, 0.000, 0.000, 0.000, 0.000, 0.000, 0.000, 0.000, 0.000
0.000, 0.000, 0.000, 0.000, 0.000, 0.000, 0.000, 0.000, 0.000, 0.000
0.000, 0.000, 0.000, 0.000, 0.000, 0.000, 0.000, 0.000, 0.000, 0.000
0.000, 1.216, 0.000, 0.000, 0.000, 0.058, 0.000, 0.000, 0.324, 0.157
0.000, 0.000, 0.000, 0.000, 0.000, 0.000, 0.000, 0.000, 0.000, 0.000
0.000, 0.000, 0.000, 0.000, 0.000, 0.000, 0.000, 0.000, 0.000, 0.000
0.000, 0.000, 0.000, 0.000, 0.000, 0.000, 0.000, 0.000, 0.000, 0.000
0.000, 0.000, 0.000, 0.000, 0.000, 0.000, 0.000, 0.000, 0.000, 0.000
4.768, 0.000, 0.000, 0.000, 0.000, 0.196, 0.000, 0.000, 0.000, 0.000
0.000, 0.000, 0.000, 0.052, 0.000, 0.491, 0.037, 0.000, 0.023, 0.304
0.000, 0.000, 0.000, 0.000, 0.000, 0.000, 0.000, 0.000, 0.000, 0.000
0.000, 0.000, 0.000, 0.000, 0.000, 0.000, 0.000, 0.000, 0.000, 0.000
0.000, 0.000, 0.000, 0.000, 0.000, 0.000, 0.000, 0.000, 0.000, 0.000
0.000, 0.000, 0.000, 0.000, 0.000, 0.000, 0.000, 0.000, 0.000, 0.000
0.000, 0.000, 0.000, 0.000, 0.000, 0.000, 0.000, 0.000, 0.000, 0.000
0.055, 0.000, 0.000, 0.053, 0.011, 0.416, 0.001, 0.000, 0.036, 0.001
0.038, 0.451, 0.029, 0.076, 0.042, 0.153, 0.000, 0.021, 0.005, 0.024
0.000, 0.000, 0.026, 0.775, 0.000, 0.134, 0.168, 0.016, 0.006, 0.000
0.000, 0.000, 0.000, 0.000, 0.000, 0.000, 0.000, 0.000, 0.000, 0.000
0.000, 0.000, 0.000, 0.000, 0.000, 0.000, 0.000, 0.000, 0.000, 0.000
0.000, 0.000, 0.000, 0.000, 0.000, 0.000, 0.000, 0.000, 0.000, 0.000
0.000, 0.000, 0.048, 0.899, 0.000, 0.147, 0.033, 0.013, 0.000, 0.000
5.222, 0.000, 0.000, 0.000, 0.005, 0.000, 0.014, 0.000, 0.000, 0.000
0.073, 0.240, 0.014, 0.197, 0.020, 0.134, 0.000, 0.000, 0.018, 0.000
0.000, 0.000, 0.000, 0.000, 0.000, 0.000, 0.000, 0.000, 0.000, 0.000
0.000, 0.000, 0.000, 0.000, 0.000, 2.171, 0.000, 0.000, 0.000, 0.000
0.000, 0.000, 0.000, 0.000, 0.000, 0.000, 0.000, 0.000, 0.000, 0.000
0.000, 0.000, 0.000, 0.000, 0.000, 0.000, 0.000, 0.000, 0.000, 0.000
0.028, 0.000, 0.012, 0.117, 0.057, 0.117, 0.004, 0.129, 0.005, 0.209
0.000, 0.111, 0.057, 0.000, 0.029, 0.403, 0.016, 0.303, 0.000, 0.000
0.000, 0.141, 0.000, 0.034, 0.000, 0.329, 0.016, 0.000, 0.000, 1.122
0.000, 0.000, 0.000, 0.000, 0.000, 0.000, 0.000, 0.000, 0.000, 0.000
0.000, 0.000, 0.004, 0.046, 0.000, 0.333, 0.300, 0.002, 0.010, 0.044
0.000, 0.000, 0.000, 0.000, 0.000, 0.000, 0.000, 0.000, 0.000, 0.000
0.000, 0.023, 0.022, 0.000, 0.003, 0.392, 0.013, 0.249, 0.047, 0.097
0.000, 0.029, 0.221, 0.053, 0.000, 0.956, 0.000, 0.000, 0.000, 0.000
0.000, 0.000, 0.000, 0.000, 0.000, 0.000, 0.000, 0.000, 0.000, 0.000
0.000, 0.044, 0.000, 0.050, 0.000, 0.557, 0.000, 0.000, 0.000, 0.000
0.000, 0.000, 0.000, 0.000, 0.000, 0.000, 0.000, 0.000, 0.000, 0.000
0.000, 0.000, 0.000, 0.000, 0.000, 0.000, 0.000, 0.000, 0.000, 0.000
0.000, 0.000, 0.000, 0.000, 0.000, 0.000, 0.000, 0.000, 0.000, 0.000
0.000, 0.010, 0.501, 0.000, 0.032, 0.341, 0.097, 0.200, 0.000, 0.070
0.041, 0.000, 0.000, 0.004, 0.000, 1.347, 0.000, 0.000, 0.000, 0.000
0.023, 0.338, 0.000, 0.013, 1.533, 0.013, 0.000, 0.000, 0.000, 0.021
0.000, 0.546, 0.159, 0.074, 0.000, 0.418, 0.013, 0.005, 0.015, 0.000
0.000, 0.000, 0.000, 0.000, 0.000, 0.000, 0.000, 0.000, 0.000, 0.000
0.330, 1.221, 0.249, 0.000, 0.000, 0.000, 0.000, 0.000, 0.000, 0.934
0.000, 0.000, 0.000, 0.000, 0.000, 0.000, 0.000, 0.000, 0.000, 0.000
0.000, 0.000, 0.000, 0.000, 0.000, 0.000, 0.000, 0.000, 0.000, 0.000
0.000, 0.000, 0.000, 0.000, 0.000, 0.000, 0.000, 0.000, 0.000, 0.000
0.000, 0.000, 0.000, 0.000, 0.000, 0.000, 0.000, 0.000, 0.000, 0.000
0.000, 0.000, 0.000, 0.000, 0.000, 0.000, 0.000, 0.000, 0.000, 0.000
0.000, 0.000, 0.000, 0.000, 0.000, 0.000, 0.000, 0.000, 0.000, 0.000
0.000, 0.000, 0.000, 0.000, 0.000, 0.000, 0.000, 0.000, 0.000, 0.000
0.000, 0.000, 0.000, 0.000, 0.000, 0.000, 0.000, 0.000, 0.000, 0.000
0.000, 0.000, 0.000, 0.000, 0.000, 0.000, 0.000, 0.000, 0.000, 0.000
0.000, 0.000, 0.000, 0.000, 0.000, 0.000, 0.000, 0.000, 0.000, 0.000
0.000, 0.000, 0.000, 0.000, 0.000, 0.000, 0.000, 0.000, 0.000, 0.000
0.000, 0.000, 0.000, 0.000, 0.000, 0.000, 0.000, 0.000, 0.000, 0.000
0.000, 0.000, 0.000, 0.000, 0.000, 0.000, 0.000, 0.000, 0.000, 0.000
0.000, 0.000, 0.000, 0.000, 0.000, 0.000, 0.000, 0.000, 0.000, 0.000
0.000, 0.000, 0.000, 0.000, 0.000, 0.000, 0.000, 0.000, 0.000, 0.000
0.000, 0.000, 0.000, 0.000, 0.000, 0.000, 0.000, 0.000, 0.000, 0.000
0.000, 0.000, 0.000, 0.000, 0.000, 0.000, 0.000, 0.000, 0.000, 0.000
0.000, 0.000, 0.000, 0.000, 0.000, 0.000, 0.000, 0.000, 0.000, 0.000
0.000, 0.000, 0.000, 0.000, 0.000, 0.000, 0.000, 0.000, 0.000, 0.000
0.000, 0.000, 0.000, 0.000, 0.000, 0.000, 0.000, 0.000, 0.000, 0.000
0.000, 0.000, 0.000, 0.000, 0.000, 0.000, 0.000, 0.000, 0.000, 0.000
0.000, 0.000, 0.000, 0.000, 0.000, 0.000, 0.000, 0.000, 0.000, 0.000
0.000, 0.000, 0.000, 0.000, 0.000, 0.000, 0.000, 0.000, 0.000, 0.000
0.000, 0.000, 0.000, 0.000, 0.000, 0.000, 0.000, 0.000, 0.000, 0.000
0.000, 0.000, 0.000, 0.000, 0.000, 0.000, 0.000, 0.000, 0.000, 0.000
0.000, 0.000, 0.000, 0.000, 0.000, 0.000, 0.000, 0.000, 0.000, 0.000
0.000, 0.000, 0.000, 0.000, 0.000, 0.000, 0.000, 0.000, 0.000, 0.000
0.000, 0.000, 0.000, 0.000, 0.000, 0.000, 0.000, 0.000, 0.000, 0.000
0.000, 0.000, 0.000, 0.000, 0.000, 0.000, 0.000, 0.000, 0.000, 0.000
0.000, 0.000, 0.000, 0.000, 0.000, 0.000, 0.000, 0.000, 0.000, 0.000
0.000, 0.000, 0.000, 0.000, 0.000, 0.000, 0.000, 0.000, 0.000, 0.000
0.000, 0.000, 0.000, 0.000, 0.000, 0.000, 0.000, 0.000, 0.000, 0.000
0.000, 0.000, 0.000, 0.000, 0.000, 0.000, 0.000, 0.000, 0.000, 0.000
0.000, 0.000, 0.000, 0.000, 0.000, 0.000, 0.000, 0.000, 0.000, 0.000
